364544
[9, 802816, 114688, 237568, 905216, 634880, 765952, 782336, 987136, 507904, 0]
[9, 802816, 114688, 237568, 905216, 634880, 765952, 782336, 987136, 507904, 0]
[*] Got EOF while reading in interactive


0xc4000
110001 0000000 0000000

0x1c000
111 0000000 0000000

0xf5fd4
111101 0111111 1010100

0xf5000
111101 0100000 0000000

230
1 1100110

228
1 1100100

1662
1100 1111110

1614
1100 1001110

1568
1100 0100000

1609
1100 1001001

,|5

44 124 53


124 * 16384 + 53 * 128 + 44 = 